bits         segment
--------------------------
ABCD | 0  1  2  3  4  5  6
--------------------------
0000 | 1, 1, 1, 1, 0, 1, 1
0001 | 0, 0, 1, 0, 1, 1, 0
0010 | 0, 1, 1, 1, 0, 0, 1
0011 | 0, 1, 1, 0, 1, 1, 1
0100 | 1, 0, 1, 0, 1, 1, 0
0101 | 1, 1, 0, 0, 1, 1, 1
0110 | 1, 1, 0, 1, 1, 1, 1
0111 | 0, 1, 1, 0, 0, 1, 0
1000 | 1, 1, 1, 1, 1, 1, 1
1001 | 1, 1, 1, 0, 1, 1, 0

Segment 6
           BA
      00 01 11 10
   00  1  1  x  0
DC 01  1  x  x  1
   11  1  x  x  0
   10  0  0  x  1

Segment 5
           BA
      00 01 11 10
   00  1  1  0  1
DC 01  0  0  0  1
   11  1  0  0  1
   10  1  1  0  1

Segment 4
           BA
      00 01 11 10
   00  0  1  0  1
DC 01  1  0  0  1
   11  1  0  0  0
   10  0  1  0  1

Segment 3
           BA
      00 01 11 10
   00  1  1  0  0
DC 01  1  0  0  1
   11  0  0  0  0
   10  0  0  0  0

Segment 2
           BA
      00 01 11 10
   00  1  1  x  1
DC 01  1  x  x  0
   11  1  x  x  1
   10  1  1  x  0

Segment 1
           BA
      00 01 11 10
   00  1  1  x  0
DC 01  1  x  x  1
   11  1  x  x  1
   10  0  1  x  1

Segment 0
           BA
      00 01 11 10
   00  1  1  x  1
DC 01  0  x  x  1
   11  0  x  x  0
   10  0  1  x  1

